'epoch': 132,
 'precision_matrix':            0.1       0.2       0.3       0.4       0.5  0.6  0.7  0.8  0.9
 0.10  0.775412  0.775470  0.781844  0.807635  0.832438  NaN  NaN  NaN  NaN
 0.20  0.587680  0.587757  0.595723  0.632953  0.669785  NaN  NaN  NaN  NaN
 0.30  0.441875  0.441933  0.449555  0.489065  0.535661  NaN  NaN  NaN  NaN
 0.35  0.378131  0.378181  0.384994  0.423621  0.472397  NaN  NaN  NaN  NaN
 0.40  0.321383  0.321425  0.327502  0.363852  0.414783  NaN  NaN  NaN  NaN
 0.45  0.270100  0.270136  0.275469  0.309150  0.356799  NaN  NaN  NaN  NaN
 0.50  0.223801  0.223830  0.228446  0.259131  0.304372  NaN  NaN  NaN  NaN
 0.60  0.153981  0.154001  0.157398  0.180191  0.221286  NaN  NaN  NaN  NaN
 0.80  0.072837  0.072847  0.074493  0.087754  0.115691  NaN  NaN  NaN  NaN
 1.00  0.034932  0.034937  0.035748  0.042527  0.058540  NaN  NaN  NaN  NaN
 1.50  0.008001  0.008002  0.008188  0.009861  0.013524  NaN  NaN  NaN  NaN
 2.00  0.002492  0.002492  0.002550  0.003030  0.004261  NaN  NaN  NaN  NaN
 2.50  0.001137  0.001137  0.001163  0.001377  0.001760  NaN  NaN  NaN  NaN
 3.00  0.000393  0.000394  0.000403  0.000496  0.000648  NaN  NaN  NaN  NaN
 4.00  0.000131  0.000131  0.000134  0.000165  0.000093  NaN  NaN  NaN  NaN,
 'precision_matrix_percent': [           0.1       0.2       0.3       0.4       0.5  0.6  0.7  0.8  0.9
  0.10  0.738255  0.738255  0.750000  0.833333  0.880952  NaN  NaN  NaN  NaN
  0.20  0.516930  0.517222  0.530994  0.579196  0.611702  NaN  NaN  NaN  NaN
  0.30  0.377465  0.377672  0.388563  0.429973  0.481123  NaN  NaN  NaN  NaN
  0.35  0.326528  0.326652  0.336485  0.377511  0.433662  NaN  NaN  NaN  NaN
  0.40  0.279932  0.280011  0.287929  0.327022  0.383612  NaN  NaN  NaN  NaN
  0.45  0.237978  0.238032  0.244487  0.279360  0.332810  NaN  NaN  NaN  NaN
  0.50  0.201537  0.201574  0.206823  0.238502  0.285140  NaN  NaN  NaN  NaN
  0.60  0.151507  0.151528  0.154977  0.178200  0.219082  NaN  NaN  NaN  NaN
  0.80  0.072837  0.072847  0.074493  0.087754  0.115691  NaN  NaN  NaN  NaN
  1.00  0.034932  0.034937  0.035748  0.042527  0.058540  NaN  NaN  NaN  NaN
  1.50  0.008001  0.008002  0.008188  0.009861  0.013524  NaN  NaN  NaN  NaN
  2.00  0.002492  0.002492  0.002550  0.003030  0.004261  NaN  NaN  NaN  NaN
  2.50  0.001137  0.001137  0.001163  0.001377  0.001760  NaN  NaN  NaN  NaN
  3.00  0.000393  0.000394  0.000403  0.000496  0.000648  NaN  NaN  NaN  NaN
  4.00  0.000131  0.000131  0.000134  0.000165  0.000093  NaN  NaN  NaN  NaN,
             0.1       0.2       0.3       0.4       0.5  0.6  0.7  0.8  0.9
  0.10  0.723404  0.723404  0.755556  0.805556  0.866667  NaN  NaN  NaN  NaN
  0.20  0.490566  0.490566  0.504532  0.566239  0.598985  NaN  NaN  NaN  NaN
  0.30  0.364617  0.364908  0.375052  0.416395  0.459555  NaN  NaN  NaN  NaN
  0.35  0.304549  0.304706  0.314248  0.354123  0.396200  NaN  NaN  NaN  NaN
  0.40  0.258766  0.258907  0.267184  0.304881  0.358180  NaN  NaN  NaN  NaN
  0.45  0.216224  0.216313  0.223262  0.258218  0.308012  NaN  NaN  NaN  NaN
  0.50  0.178046  0.178105  0.183959  0.214576  0.259898  NaN  NaN  NaN  NaN
  0.60  0.127685  0.127713  0.131394  0.154604  0.200767  NaN  NaN  NaN  NaN
  0.80  0.071208  0.071218  0.072880  0.086207  0.113657  NaN  NaN  NaN  NaN
  1.00  0.034932  0.034937  0.035748  0.042527  0.058540  NaN  NaN  NaN  NaN
  1.50  0.008001  0.008002  0.008188  0.009861  0.013524  NaN  NaN  NaN  NaN
  2.00  0.002492  0.002492  0.002550  0.003030  0.004261  NaN  NaN  NaN  NaN
  2.50  0.001137  0.001137  0.001163  0.001377  0.001760  NaN  NaN  NaN  NaN
  3.00  0.000393  0.000394  0.000403  0.000496  0.000648  NaN  NaN  NaN  NaN
  4.00  0.000131  0.000131  0.000134  0.000165  0.000093  NaN  NaN  NaN  NaN,
             0.1       0.2       0.3       0.4       0.5  0.6  0.7  0.8  0.9
  0.10  0.666667  0.666667  0.666667  0.714286  0.833333  NaN  NaN  NaN  NaN
  0.20  0.482993  0.482993  0.500000  0.569231  0.609756  NaN  NaN  NaN  NaN
  0.30  0.361045  0.361331  0.372436  0.417693  0.452442  NaN  NaN  NaN  NaN
  0.35  0.298689  0.298979  0.308661  0.348759  0.405007  NaN  NaN  NaN  NaN
  0.40  0.253064  0.253232  0.261317  0.297987  0.340909  NaN  NaN  NaN  NaN
  0.45  0.205587  0.205735  0.212819  0.245089  0.280392  NaN  NaN  NaN  NaN
  0.50  0.163440  0.163530  0.169475  0.197694  0.239593  NaN  NaN  NaN  NaN
  0.60  0.114873  0.114914  0.118732  0.139763  0.182945  NaN  NaN  NaN  NaN
  0.80  0.060274  0.060286  0.061952  0.074605  0.103183  NaN  NaN  NaN  NaN
  1.00  0.033827  0.033832  0.034644  0.041438  0.056928  NaN  NaN  NaN  NaN
  1.50  0.008001  0.008002  0.008188  0.009861  0.013524  NaN  NaN  NaN  NaN
  2.00  0.002492  0.002492  0.002550  0.003030  0.004261  NaN  NaN  NaN  NaN
  2.50  0.001137  0.001137  0.001163  0.001377  0.001760  NaN  NaN  NaN  NaN
  3.00  0.000393  0.000394  0.000403  0.000496  0.000648  NaN  NaN  NaN  NaN
  4.00  0.000131  0.000131  0.000134  0.000165  0.000093  NaN  NaN  NaN  NaN,
             0.1       0.2       0.3       0.4       0.5  0.6  0.7  0.8  0.9
  0.10  0.545455  0.545455  0.545455  0.625000  0.666667  NaN  NaN  NaN  NaN
  0.20  0.536913  0.536913  0.548611  0.637255  0.666667  NaN  NaN  NaN  NaN
  0.30  0.354136  0.354136  0.365559  0.420940  0.487310  NaN  NaN  NaN  NaN
  0.35  0.295435  0.295690  0.305357  0.345122  0.395480  NaN  NaN  NaN  NaN
  0.40  0.253950  0.254094  0.263158  0.301812  0.359929  NaN  NaN  NaN  NaN
  0.45  0.204872  0.205036  0.211896  0.240499  0.286049  NaN  NaN  NaN  NaN
  0.50  0.160767  0.160862  0.166616  0.191405  0.222130  NaN  NaN  NaN  NaN
  0.60  0.105186  0.105244  0.109070  0.129016  0.169409  NaN  NaN  NaN  NaN
  0.80  0.053307  0.053322  0.054992  0.067210  0.093843  NaN  NaN  NaN  NaN
  1.00  0.028669  0.028674  0.029474  0.035799  0.050873  NaN  NaN  NaN  NaN
  1.50  0.008001  0.008002  0.008188  0.009861  0.013524  NaN  NaN  NaN  NaN
  2.00  0.002492  0.002492  0.002550  0.003030  0.004261  NaN  NaN  NaN  NaN
  2.50  0.001137  0.001137  0.001163  0.001377  0.001760  NaN  NaN  NaN  NaN
  3.00  0.000393  0.000394  0.000403  0.000496  0.000648  NaN  NaN  NaN  NaN
  4.00  0.000131  0.000131  0.000134  0.000165  0.000093  NaN  NaN  NaN  NaN],
 'total_guesses': [22873, 22870, 22351, 18153, 10796, 0, 0, 0, 0],
 'total_guesses_percentage': [         0.1     0.2     0.3     0.4     0.5  0.6  0.7  0.8  0.9
  0.10   110.0   110.0   108.0    85.0    37.0  0.0  0.0  0.0  0.0
  0.20   916.0   916.0   908.0   735.0   345.0  0.0  0.0  0.0  0.0
  0.30  2067.0  2067.0  2052.0  1753.0   994.0  0.0  0.0  0.0  0.0
  0.35  2575.0  2575.0  2562.0  2236.0  1363.0  0.0  0.0  0.0  0.0
  0.40  2967.0  2967.0  2953.0  2608.0  1676.0  0.0  0.0  0.0  0.0
  0.45  3202.0  3202.0  3193.0  2864.0  1908.0  0.0  0.0  0.0  0.0
  0.50  3304.0  3304.0  3298.0  3018.0  2057.0  0.0  0.0  0.0  0.0
  0.60  3283.0  3283.0  3279.0  3049.0  2209.0  0.0  0.0  0.0  0.0
  0.80  1666.0  1666.0  1665.0  1593.0  1249.0  0.0  0.0  0.0  0.0
  1.00   799.0   799.0   799.0   772.0   632.0  0.0  0.0  0.0  0.0
  1.50   183.0   183.0   183.0   179.0   146.0  0.0  0.0  0.0  0.0
  2.00    57.0    57.0    57.0    55.0    46.0  0.0  0.0  0.0  0.0
  2.50    26.0    26.0    26.0    25.0    19.0  0.0  0.0  0.0  0.0
  3.00     9.0     9.0     9.0     9.0     7.0  0.0  0.0  0.0  0.0
  4.00     3.0     3.0     3.0     3.0     1.0  0.0  0.0  0.0  0.0,
           0.1     0.2     0.3     0.4     0.5  0.6  0.7  0.8  0.9
  0.10    34.0    34.0    34.0    29.0    13.0  0.0  0.0  0.0  0.0
  0.20   338.0   338.0   334.0   265.0   118.0  0.0  0.0  0.0  0.0
  0.30   913.0   913.0   908.0   767.0   392.0  0.0  0.0  0.0  0.0
  0.35  1185.0  1185.0  1180.0  1022.0   563.0  0.0  0.0  0.0  0.0
  0.40  1417.0  1417.0  1411.0  1243.0   740.0  0.0  0.0  0.0  0.0
  0.45  1578.0  1578.0  1574.0  1414.0   888.0  0.0  0.0  0.0  0.0
  0.50  1635.0  1635.0  1633.0  1478.0   965.0  0.0  0.0  0.0  0.0
  0.60  1718.0  1718.0  1716.0  1585.0  1151.0  0.0  0.0  0.0  0.0
  0.80  1543.0  1543.0  1542.0  1475.0  1146.0  0.0  0.0  0.0  0.0
  1.00   799.0   799.0   799.0   772.0   632.0  0.0  0.0  0.0  0.0
  1.50   183.0   183.0   183.0   179.0   146.0  0.0  0.0  0.0  0.0
  2.00    57.0    57.0    57.0    55.0    46.0  0.0  0.0  0.0  0.0
  2.50    26.0    26.0    26.0    25.0    19.0  0.0  0.0  0.0  0.0
  3.00     9.0     9.0     9.0     9.0     7.0  0.0  0.0  0.0  0.0
  4.00     3.0     3.0     3.0     3.0     1.0  0.0  0.0  0.0  0.0,
          0.1    0.2    0.3    0.4    0.5  0.6  0.7  0.8  0.9
  0.10   12.0   12.0   12.0   10.0    5.0  0.0  0.0  0.0  0.0
  0.20  142.0  142.0  140.0  111.0   50.0  0.0  0.0  0.0  0.0
  0.30  456.0  456.0  454.0  373.0  176.0  0.0  0.0  0.0  0.0
  0.35  615.0  615.0  613.0  520.0  275.0  0.0  0.0  0.0  0.0
  0.40  764.0  764.0  762.0  666.0  360.0  0.0  0.0  0.0  0.0
  0.45  861.0  861.0  860.0  761.0  429.0  0.0  0.0  0.0  0.0
  0.50  895.0  895.0  895.0  806.0  495.0  0.0  0.0  0.0  0.0
  0.60  967.0  967.0  966.0  884.0  620.0  0.0  0.0  0.0  0.0
  0.80  919.0  919.0  918.0  874.0  684.0  0.0  0.0  0.0  0.0
  1.00  733.0  733.0  733.0  709.0  574.0  0.0  0.0  0.0  0.0
  1.50  183.0  183.0  183.0  179.0  146.0  0.0  0.0  0.0  0.0
  2.00   57.0   57.0   57.0   55.0   46.0  0.0  0.0  0.0  0.0
  2.50   26.0   26.0   26.0   25.0   19.0  0.0  0.0  0.0  0.0
  3.00    9.0    9.0    9.0    9.0    7.0  0.0  0.0  0.0  0.0
  4.00    3.0    3.0    3.0    3.0    1.0  0.0  0.0  0.0  0.0,
          0.1    0.2    0.3    0.4    0.5  0.6  0.7  0.8  0.9
  0.10    6.0    6.0    6.0    5.0    2.0  0.0  0.0  0.0  0.0
  0.20   80.0   80.0   79.0   65.0   28.0  0.0  0.0  0.0  0.0
  0.30  244.0  244.0  242.0  197.0   96.0  0.0  0.0  0.0  0.0
  0.35  343.0  343.0  342.0  283.0  140.0  0.0  0.0  0.0  0.0
  0.40  450.0  450.0  450.0  383.0  203.0  0.0  0.0  0.0  0.0
  0.45  513.0  513.0  513.0  443.0  244.0  0.0  0.0  0.0  0.0
  0.50  545.0  545.0  545.0  481.0  269.0  0.0  0.0  0.0  0.0
  0.60  576.0  576.0  576.0  526.0  350.0  0.0  0.0  0.0  0.0
  0.80  565.0  565.0  564.0  536.0  410.0  0.0  0.0  0.0  0.0
  1.00  470.0  470.0  470.0  453.0  367.0  0.0  0.0  0.0  0.0
  1.50  183.0  183.0  183.0  179.0  146.0  0.0  0.0  0.0  0.0
  2.00   57.0   57.0   57.0   55.0   46.0  0.0  0.0  0.0  0.0
  2.50   26.0   26.0   26.0   25.0   19.0  0.0  0.0  0.0  0.0
  3.00    9.0    9.0    9.0    9.0    7.0  0.0  0.0  0.0  0.0
  4.00    3.0    3.0    3.0    3.0    1.0  0.0  0.0  0.0  0.0]